// creplogle NPSS_2.8 02/17/23 13:58:08
// CASE = 6
.Valve1.Cv = 3.3372292585256544; // ind_Valve1Cv Valve1.Cv
Sh.Nmech = 3575; // Sh.ind_Nmech Nmech
TsPump.ht = -87.731375970415613; // TsPump.ind_ht ht
TsPump.Pt = 205.28989690820046; // TsPump.ind_Pt Pt
TsPump.Tt = 0; // TsPump.ind_Tt Tt
TsPump.W = 7.5; // TsPump.ind_W W
Valve1.dP = 1614.0439214314906; // Valve1.ind_dP dP
Valve2.dP = 258.16752540764014; // Valve2.ind_dP dP
