// creplogle NPSS_2.8 02/17/23 14:47:26
// CASE = 1
.Valve2.Cv = 2.5673432259812028; // ind_Valve2Cv Valve2.Cv
Sh.Nmech = 3575; // Sh.ind_Nmech Nmech
TsPump.ht = -111.95387690789931; // TsPump.ind_ht ht
TsPump.Pt = 725.1887765893066; // TsPump.ind_Pt Pt
TsPump.Tt = 0; // TsPump.ind_Tt Tt
TsPump.W = 7.5; // TsPump.ind_W W
Valve2.dP = 656.27603922623052; // Valve2.ind_dP dP
