// creplogle NPSS_2.8 02/17/23 13:58:10
// CASE = 7
.Valve1.Cv = 2.7807105813168675; // ind_Valve1Cv Valve1.Cv
Sh.Nmech = 3575; // Sh.ind_Nmech Nmech
TsPump.ht = -87.501168512117971; // TsPump.ind_ht ht
TsPump.Pt = 233.82867918844721; // TsPump.ind_Pt Pt
TsPump.Tt = 0; // TsPump.ind_Tt Tt
TsPump.W = 7.5; // TsPump.ind_W W
Valve1.dP = 1849.4120866722374; // Valve1.ind_dP dP
Valve2.dP = 61.424432275635098; // Valve2.ind_dP dP
