// creplogle NPSS_2.8 02/17/23 13:58:02
// CASE = 3
.Valve1.Cv = 2.410868160194076; // ind_Valve1Cv Valve1.Cv
Sh.Nmech = 3575; // Sh.ind_Nmech Nmech
TsPump.ht = -87.1306259301778; // TsPump.ind_ht ht
TsPump.Pt = 153.07700704404203; // TsPump.ind_Pt Pt
TsPump.Tt = 0; // TsPump.ind_Tt Tt
TsPump.W = 7.5; // TsPump.ind_W W
Valve1.dP = 1516.9189267971781; // Valve1.ind_dP dP
Valve2.dP = 79.035771977442408; // Valve2.ind_dP dP
