// creplogle NPSS_2.8 03/11/24 16:16:04
// CASE = 8
.Valve2.Cv = 0.31743939483162492; // ind_Valve2Cv Valve2.Cv
Sh.Nmech = 3575; // Sh.ind_Nmech Nmech
TsPump.ht = -96.440325396532117; // TsPump.ind_ht ht
TsPump.Pt = 942.75; // TsPump.ind_Pt Pt
TsPump.Tt = 0; // TsPump.ind_Tt Tt
TsPump.W = 1; // TsPump.ind_W W
Valve2.dP = 858.47114107412665; // Valve2.ind_dP dP
