// creplogle NPSS_2.8 02/17/23 15:42:38
// CASE = 1
.Valve2.Cv = 0.31772222237334696; // ind_Valve2Cv Valve2.Cv
Sh.Nmech = 3575; // Sh.ind_Nmech Nmech
TsPump.ht = -96.787673590005554; // TsPump.ind_ht ht
TsPump.Pt = 942.74540956609872; // TsPump.ind_Pt Pt
TsPump.Tt = 0; // TsPump.ind_Tt Tt
TsPump.W = 1; // TsPump.ind_W W
Valve2.dP = 853.5880230149412; // Valve2.ind_dP dP
