// creplogle NPSS_2.8 02/20/23 13:12:59
// CASE = 4
.Valve2.Cv = 0.35484473542573447; // ind_Valve2Cv Valve2.Cv
Sh.Nmech = 3575; // Sh.ind_Nmech Nmech
TsPump.ht = -117.60374546402873; // TsPump.ind_ht ht
TsPump.Pt = 652.66999999999996; // TsPump.ind_Pt Pt
TsPump.Tt = 0; // TsPump.ind_Tt Tt
TsPump.W = 1; // TsPump.ind_W W
Valve2.dP = 590.94424039413616; // Valve2.ind_dP dP
