// creplogle NPSS_2.8 02/20/23 13:12:57
// CASE = 1
.Valve2.Cv = 0.41757244162112933; // ind_Valve2Cv Valve2.Cv
Sh.Nmech = 3575; // Sh.ind_Nmech Nmech
TsPump.ht = -134.20368823964117; // TsPump.ind_ht ht
TsPump.Pt = 435.11000000000001; // TsPump.ind_Pt Pt
TsPump.Tt = 0; // TsPump.ind_Tt Tt
TsPump.W = 1; // TsPump.ind_W W
Valve2.dP = 393.95796871681199; // Valve2.ind_dP dP
