// creplogle NPSS_2.8 02/20/23 13:13:00
// CASE = 5
.Valve2.Cv = 0.34176944335532533; // ind_Valve2Cv Valve2.Cv
Sh.Nmech = 3575; // Sh.ind_Nmech Nmech
TsPump.ht = -112.43867484278829; // TsPump.ind_ht ht
TsPump.Pt = 725.19000000000005; // TsPump.ind_Pt Pt
TsPump.Tt = 0; // TsPump.ind_Tt Tt
TsPump.W = 1; // TsPump.ind_W W
Valve2.dP = 656.6062870390723; // Valve2.ind_dP dP
