// creplogle NPSS_2.8 02/20/23 13:12:58
// CASE = 2
.Valve2.Cv = 0.39160215195319625; // ind_Valve2Cv Valve2.Cv
Sh.Nmech = 3575; // Sh.ind_Nmech Nmech
TsPump.ht = -128.37325938907776; // TsPump.ind_ht ht
TsPump.Pt = 507.63; // TsPump.ind_Pt Pt
TsPump.Tt = 0; // TsPump.ind_Tt Tt
TsPump.W = 1; // TsPump.ind_W W
Valve2.dP = 459.6200767126852; // Valve2.ind_dP dP
