// creplogle NPSS_2.8 02/17/23 14:55:27
// CASE = 1
.Valve2.Cv = 0.342248124218404; // ind_Valve2Cv Valve2.Cv
Sh.Nmech = 3575; // Sh.ind_Nmech Nmech
TsPump.ht = -111.95037019245601; // TsPump.ind_ht ht
TsPump.Pt = 725.1887765893066; // TsPump.ind_Pt Pt
TsPump.Tt = 0; // TsPump.ind_Tt Tt
TsPump.W = 1; // TsPump.ind_W W
Valve2.dP = 656.60515739670223; // Valve2.ind_dP dP
