// creplogle NPSS_2.8 03/11/24 16:16:02
// CASE = 5
.Valve2.Cv = 0.34099000461359791; // ind_Valve2Cv Valve2.Cv
Sh.Nmech = 3575; // Sh.ind_Nmech Nmech
TsPump.ht = -112.43887812202867; // TsPump.ind_ht ht
TsPump.Pt = 725.19000000000005; // TsPump.ind_Pt Pt
TsPump.Tt = 0; // TsPump.ind_Tt Tt
TsPump.W = 1; // TsPump.ind_W W
Valve2.dP = 660.35934939472202; // Valve2.ind_dP dP
