// creplogle NPSS_2.8 02/17/23 15:23:54
// CASE = 1
.Valve2.Cv = 0.37117130891892641; // ind_Valve2Cv Valve2.Cv
Sh.Nmech = 3575; // Sh.ind_Nmech Nmech
TsPump.ht = -122.87100560233698; // TsPump.ind_ht ht
TsPump.Pt = 580.1510212714453; // TsPump.ind_Pt Pt
TsPump.Tt = 0; // TsPump.ind_Tt Tt
TsPump.W = 1; // TsPump.ind_W W
Valve2.dP = 525.28309277468759; // Valve2.ind_dP dP
