// creplogle NPSS_2.8 02/20/23 13:13:02
// CASE = 8
.Valve2.Cv = 0.31819519434492416; // ind_Valve2Cv Valve2.Cv
Sh.Nmech = 3575; // Sh.ind_Nmech Nmech
TsPump.ht = -96.440494066410551; // TsPump.ind_ht ht
TsPump.Pt = 942.75; // TsPump.ind_Pt Pt
TsPump.Tt = 0; // TsPump.ind_Tt Tt
TsPump.W = 1; // TsPump.ind_W W
Valve2.dP = 853.59215117449151; // Valve2.ind_dP dP
