// creplogle NPSS_2.8 02/20/23 13:13:01
// CASE = 7
.Valve2.Cv = 0.32358224468460794; // ind_Valve2Cv Valve2.Cv
Sh.Nmech = 3575; // Sh.ind_Nmech Nmech
TsPump.ht = -102.0145291738209; // TsPump.ind_ht ht
TsPump.Pt = 870.23000000000002; // TsPump.ind_Pt Pt
TsPump.Tt = 0; // TsPump.ind_Tt Tt
TsPump.W = 1; // TsPump.ind_W W
Valve2.dP = 787.93026438756192; // Valve2.ind_dP dP
