// creplogle NPSS_2.8 03/11/24 16:18:11
// CASE = 7
.Valve2.Cv = 0.32282079741745562; // ind_Valve2Cv Valve2.Cv
Sh.Nmech = 3575; // Sh.ind_Nmech Nmech
TsPump.ht = -102.01470059014261; // TsPump.ind_ht ht
TsPump.Pt = 870.23000000000002; // TsPump.ind_Pt Pt
TsPump.Tt = 0; // TsPump.ind_Tt Tt
TsPump.W = 1; // TsPump.ind_W W
Valve2.dP = 792.43394487044179; // Valve2.ind_dP dP
