// creplogle NPSS_2.8 03/11/24 16:18:08
// CASE = 3
.Valve2.Cv = 0.37034306312750032; // ind_Valve2Cv Valve2.Cv
Sh.Nmech = 3575; // Sh.ind_Nmech Nmech
TsPump.ht = -122.877341731117; // TsPump.ind_ht ht
TsPump.Pt = 580.14999999999998; // TsPump.ind_Pt Pt
TsPump.Tt = 0; // TsPump.ind_Tt Tt
TsPump.W = 1; // TsPump.ind_W W
Valve2.dP = 528.28461305662336; // Valve2.ind_dP dP
